
Last position-specific scoring matrix computed, weighted observed percentages rounded down, information per position, and relative weight of gapless real matches to pseudocounts
            A   R   N   D   C   Q   E   G   H   I   L   K   M   F   P   S   T   W   Y   V   A   R   N   D   C   Q   E   G   H   I   L   K   M   F   P   S   T   W   Y   V
    1 Q    -1   4  -1  -1  -4   4   1  -2  -1  -3  -3   4  -2  -4  -2  -1  -1  -3  -2  -3    0  25   0   0   0  33   0   0   0   0   0  42   0   0   0   0   0   0   0   0  0.64 0.09
    2 M    -1  -1  -2  -2   4  -1  -2  -2  -2   0   2   1   3  -1  -2   1   1  -2  -2   0    0   0   0   0  14   0   0   0   0   0  25  14  19   0   0  14  14   0   0   0  0.19 0.05
    3 L    -2  -3  -4  -4  -2  -3  -3  -4  -3   1   4  -3   1   4  -3  -3  -2  -1   0   0    0   0   0   0   0   0   0   0   0   0  71   0   0  29   0   0   0   0   0   0  0.51 0.05
    4 S    -1  -1   4   1  -2   0   2   1   0  -3  -3   0  -2  -3  -2   2   0  -4  -2  -3    0   0  45   0   0   0  15  12   0   0   0   0   0   0   0  28   0   0   0   0  0.46 0.05
    5 I    -1  -3  -4  -4  -1  -3  -3  -4  -3   4   2  -3   1   0  -3  -3  -1  -3  -2   3    0   0   0   0   0   0   0   0   0  47  28   0   0   0   0   0   0   0   0  25  0.41 0.04
    6 E    -1   3   0   0  -3   3   3  -2   0  -3  -3   2  -1  -3  -2   0   1  -3  -2  -2    0  30   0   0   0  21  27   0   0   0   0   9   0   0   0   0  13   0   0   0  0.45 0.04
    7 Y    -2  -1  -2  -3  -3   1  -1  -3   1  -1   0   1  -1   2  -3  -2  -2   1   6  -1    0   0   0   0   0  12   0   0   0   0  12  13   0   0   0   0   0   0  63   0  0.57 0.06
    8 P    -1  -3  -3  -2  -4  -2  -2  -3  -3  -3  -4  -2  -3  -4   8  -1  -2  -4  -4  -3    0   0   0   0   0   0   0   0   0   0   0   0   0   0 100   0   0   0   0   0  2.28 0.11
    9 I    -2  -4  -4  -4  -2  -3  -4  -4  -4   6   1  -3   1  -1  -3  -3  -1  -3  -2   2    0   0   0   0   0   0   0   0   0 100   0   0   0   0   0   0   0   0   0   0  0.67 0.09
   10 I    -2  -4  -4  -4  -2  -3  -4  -4  -4   6   1  -3   1  -1  -3  -3  -1  -3  -2   2    0   0   0   0   0   0   0   0   0 100   0   0   0   0   0   0   0   0   0   0  0.67 0.09
   11 Q    -1   0  -1  -1  -4   7   1  -2   0  -4  -3   1  -1  -4  -2  -1  -1  -3  -2  -3    0   0   0   0   0 100   0   0   0   0   0   0   0   0   0   0   0   0   0   0  1.03 0.12
   12 A     5  -2  -2  -2  -1  -1  -1   0  -2  -2  -2  -1  -1  -3  -1   2   0  -3  -2  -1   90   0   0   0   0   0   0   0   0   0   0   0   0   0   0  10   0   0   0   0  0.56 0.08
   13 G    -1  -3  -2  -2  -3  -2  -2   3  -3  -4  -4  -2  -3  -4   7  -1  -2  -4  -4  -3    0   0   0   0   0   0   0  30   0   0   0   0   0   0  70   0   0   0   0   0  1.50 0.08
   14 M    -2  -2  -3  -4  -2  -1  -3  -3  -2   1   1  -2   8  -1  -3  -2  -1  -2  -2   0    0   0   0   0   0   0   0   0   0   0   0   0 100   0   0   0   0   0   0   0  0.92 0.13
   15 A     4  -2  -2  -2  -1  -1  -2  -1  -2  -1   0  -1  -1  -2  -1   0   0  -3  -2   1   80   0   0   0   0   0   0   0   0   0  10   0   0   0   0   0   0   0   0  10  0.40 0.06
   16 G     0  -3  -1  -2  -3  -2  -3   6  -3  -4  -4  -2  -3  -4  -3  -1  -2  -3  -4  -4    0   0   0   0   0   0   0 100   0   0   0   0   0   0   0   0   0   0   0   0  1.28 0.09
   17 S     1  -2  -1  -2  -1  -1  -2   1  -2   1  -1  -1  -1  -2  -2   2   0  -3  -2   3   14   0   0   0   0   0   0  12   0   0   0   0   0   0   0  30   0   0   0  44  0.20 0.04
   18 T     0  -1   0  -1  -1  -1  -1  -1  -2  -2  -2  -1  -1  -3  -1   3   4  -3  -2  -1    0   0   0   0   0   0   0   0   0   0   0   0   0   0   0  44  56   0   0   0  0.53 0.07
   19 T    -1  -1  -1  -2  -2  -1  -1  -2  -2  -1  -2   1  -1  -3  -2   1   5  -3  -2  -1    0   0   0   0   0   0   0   0   0   0   0  12   0   0   0   0  88   0   0   0  0.62 0.09
   20 P     0  -3  -3  -2  -2  -2  -2  -3  -3   1   0  -2  -1  -2   7  -1  -1  -4  -3  -1    8   0   0   0   0   0   0   0   0  14  14   0   0   0  64   0   0   0   0   0  1.13 0.07
   21 K     1   3  -1   0  -3   1   4  -2  -1  -3  -3   2  -2  -3  -2   0  -1  -3  -2  -2   20  22   0   0   0   0  45   0   0   0   0  14   0   0   0   0   0   0   0   0  0.43 0.05
   22 L    -2  -2  -4  -4  -2  -2  -3  -4  -3   1   4  -3   3   0  -3  -3  -2  -2  -1   0    0   0   0   0   0   0   0   0   0   0  86   0  14   0   0   0   0   0   0   0  0.58 0.07
   23 V     4  -2  -2  -3  -1  -2  -2  -1  -2   0  -1  -2  -1  -2  -2   0   0  -3  -2   2   70   0   0   0   0   0   0   0   0   0   0   0   0   0   0   0   0   0   0  30  0.37 0.06
   24 A     5  -2  -2  -2  -1  -1  -1   0  -2  -2  -2  -1  -1  -3  -1   2   0  -3  -2  -1   88   0   0   0   0   0   0   0   0   0   0   0   0   0   0  12   0   0   0   0  0.54 0.07
   25 S     3  -1  -1  -1  -1  -1  -1  -1  -2  -2  -2   1  -1  -3  -1   2   3  -3  -2  -1   42   0   0   0   0   0   0   0   0   0   0  14   0   0   0  14  31   0   0   0  0.31 0.04
   26 V     1  -3  -3  -3  -1  -2  -3  -3  -3   2   0  -2   0  -1  -3  -2   0  -3  -2   5   14   0   0   0   0   0   0   0   0   0   0   0   0   0   0   0   0   0   0  86  0.45 0.07
   27 S     0  -2   0  -1   5  -1  -1  -1  -2  -2  -2  -1  -2  -3  -2   4   2  -3  -2  -2    0   0   0   0  24   0   0   0   0   0   0   0   0   0   0  62  14   0   0   0  0.53 0.07
   28 N    -2   2   6   0  -3   0  -1  -1   0   0  -2   0  -2  -3  -3   0  -1  -4  -2  -2    0  14  72   0   0   0   0   0   0  14   0   0   0   0   0   0   0   0   0   0  0.59 0.07
   29 S     3  -1  -1  -2  -1   1  -1  -1  -2  -1   0   1  -1  -2  -1   1   0  -3  -2  -1   52   0   0   0   0  12   0   0   0   0  14   8   0   0   0  14   0   0   0   0  0.23 0.04
   30 G     0  -3  -1  -2  -3  -2  -3   6  -3  -4  -4  -2  -3  -4  -3  -1  -2  -3  -4  -4    0   0   0   0   0   0   0 100   0   0   0   0   0   0   0   0   0   0   0   0  1.28 0.09
   31 G     2  -3  -1  -2  -2  -2  -2   5  -2  -3  -3  -2  -3  -3  -2   0  -1  -3  -3  -3   26   0   0   0   0   0   0  74   0   0   0   0   0   0   0   0   0   0   0   0  0.86 0.06
   32 L    -2  -3  -4  -4  -2  -3  -3  -4  -3   3   4  -3   2   0  -3  -3  -1  -2  -1   1    0   0   0   0   0   0   0   0   0  28  72   0   0   0   0   0   0   0   0   0  0.51 0.06
   33 G     1  -3  -1  -2  -3  -2  -2   6  -2  -4  -4  -2  -3  -4  -2   0  -2  -3  -3  -3   14   0   0   0   0   0   0  86   0   0   0   0   0   0   0   0   0   0   0   0  1.03 0.07
   34 T     0  -1   0  -1   3  -1  -1  -1  -2  -2  -2  -1  -2  -3  -1   4   3  -3  -2  -2    0   0   0   0   8   0   0   0   0   0   0   0   0   0   0  70  22   0   0   0  0.49 0.07
   35 I    -2  -3  -4  -4  -2  -3  -4  -4  -4   4   3  -3   1   0  -3  -3  -1  -3  -2   2    0   0   0   0   0   0   0   0   0  64  36   0   0   0   0   0   0   0   0   0  0.50 0.06
   36 G     2  -2  -1  -2  -2  -2  -2   4  -2  -3  -3  -2  -3  -3   4   0  -1  -3  -3  -2   22   0   0   0   0   0   0  50   0   0   0   0   0   0  28   0   0   0   0   0  0.78 0.05
   37 A     2  -2  -2  -3  -1  -1  -2  -2  -2   2   1  -2   2  -1  -2   1   0  -3  -2   1   30   0   0   0   0   0   0   0   0  20  14   0  14   0   0  12   0   0   0  10  0.17 0.03
   38 G     0  -2  -1  -2  -2  -2  -2   5  -2  -4  -4  -2  -3  -3  -2   1   1  -3  -3  -3    0   0   0   0   0   0   0  76   0   0   0   0   0   0   0  14  10   0   0   0  0.85 0.06
   39 Y     1  -2  -1  -2  -2  -1  -1   1   4  -2  -2  -1  -2   1  -2   1  -1   0   5  -2   20   0   0   0   0   0   0  10  14   0   0   0   0   0   0  14   0   0  42   0  0.39 0.05
   40 F    -1  -2  -2  -3  -2  -2  -2  -3  -2   0   3  -2   2   4  -3   1  -1  -1   1   0    0   0   0   0   0   0   0   0   0   0  40   0  10  30   0  20   0   0   0   0  0.28 0.04
   41 N     1  -1   4   2  -2  -1   0  -1  -1  -2  -3  -1  -2  -3  -2   2   2  -4  -2  -2   10   0  33  14   0   0   0   0   0   0   0   0   0   0   0  23  20   0   0   0  0.38 0.04
   42 T     1  -2  -1  -1  -2  -1   1  -2  -2  -1  -1  -1  -1   1   2   1   2  -2  -1   0   20   0   0   0   0   0  14   0   0   0   0   0   0  14  12   9  22   0   0  10  0.19 0.03
   43 Q    -2   2   0   4  -4   2   3  -2  -1  -3  -3   1  -2  -4  -2  -1  -1  -4  -3  -3    0  14   0  45   0  14  20   0   0   0   0   8   0   0   0   0   0   0   0   0  0.58 0.05
   44 Q     1   2  -1  -1  -3   3   0   1  -1  -2   0   3  -1  -3  -2   0  -1  -3  -2  -2   14   9   0   0   0  23   0  10   0   0  12  32   0   0   0   0   0   0   0   0  0.24 0.04
   45 L     1  -2  -3  -3  -1  -2  -3   0  -3   2   3  -2   1  -1  -2  -1  -1  -2  -2   2   20   0   0   0   0   0   0  10   0  14  42   0   0   0   0   0   0   0   0  14  0.20 0.03
   46 E    -1   3   2   1  -4   1   4  -2   0  -4  -3   1  -2  -4  -2  -1  -1  -3  -2  -3    0  30  14   0   0   0  56   0   0   0   0   0   0   0   0   0   0   0   0   0  0.60 0.06
   47 D     1   0   0   3  -2   3   1  -1  -1  -2  -3   1  -1  -3  -1   0   1  -3  -2  -2   20   0   0  27   0  29   0   0   0   0   0  10   0   0   0   0  14   0   0   0  0.34 0.04
   48 E    -1   0  -1   0  -2   3   3  -2  -1  -1   0   0   2  -2  -1  -1  -1  -2  -1   0    1   1   1   1   0  27  31   1   0   1  11   1  10   1   1   1   1   0   0  11  0.24 0.03
   49 I    -2  -3  -4  -4  -2  -3  -4  -4  -4   5   2  -3   1   0  -3  -3  -1  -3  -2   2    0   0   0   0   0   0   0   0   0  76  24   0   0   0   0   0   0   0   0   0  0.53 0.07
   50 D    -1   3   0   2  -3   2   3  -2  -1  -3  -3   2  -2  -3  -2   0   0  -3  -2  -3    0  30   0  14   0   8  28   0   0   0   0  12   0   0   0   0   9   0   0   0  0.44 0.04
   51 Y    -1   0   2   0  -3   1   3  -2   0  -3  -3   2  -2  -1  -2  -1  -1  -1   3  -3    0   0  14   0   0   0  42   0   0   0   0  22   0   0   0   0   0   0  22   0  0.41 0.05
   52 V    -1  -2  -2  -3  -1  -2  -3  -3  -3   2   2  -2   1   2  -3  -1   2  -2   0   2    0   0   0   0   0   0   0   0   0  12  22   0   0  14   0   0  20   0   0  32  0.24 0.03
   53 R     0   4  -1   2  -3   2   0  -2  -1  -3  -2   2  -1   1  -2  -1  -1  -2  -1  -2   10  34   0  14   0  17   0   0   0   0   0  14   0  12   0   0   0   0   0   0  0.31 0.04
   54 Q     1  -1  -1   0  -2   2   3   2  -1  -2   0   0  -1  -2  -2   0  -1  -3  -2  -2   20   0   0   0   0  14  35  18   0   0  14   0   0   0   0   0   0   0   0   0  0.25 0.04
   55 L    -2  -2  -4  -4  -2  -2  -3  -4  -3   1   4  -3   3   0  -3  -3  -2  -2  -1   0    0   0   0   0   0   0   0   0   0   0  86   0  14   0   0   0   0   0   0   0  0.58 0.07
   56 T     0  -2  -1  -2  -1  -1  -2  -2  -3   0  -1  -1  -1  -2  -2   0   5  -3  -2   2    0   0   0   0   0   0   0   0   0   0   0   0   0   0   0   0  72   0   0  28  0.48 0.07
   57 S     0  -2   1   5  -3  -1   0   2  -2  -3  -4  -1  -3  -3  -2   2   0  -4  -3  -3    0   0   0  50   0   0   0  14   0   0   0   0   0   0   0  36   0   0   0   0  0.57 0.06
   58 N     0   3   2  -1  -3   1   0   1  -1  -2  -1   2  -1  -3  -2   0  -1  -3  -2  -2   12  24  14   0   0   8   0  14   0   0   9  20   0   0   0   0   0   0   0   0  0.23 0.03
   59 S    -1  -2   2  -1  -3  -1  -1  -2  -2   0  -2  -1  -2  -3   6   1  -1  -4  -3  -1    0   0  14   0   0   0   0   0   0  14   0   0   0   0  58  14   0   0   0   0  1.02 0.06
   60 F    -2  -3  -3  -4  -2  -3  -3  -4  -2   0   1  -3   0   6  -4  -3  -2   0   3   1    0   0   0   0   0   0   0   0   0   0  14   0   0  63   0   0   0   0   9  14  0.62 0.06
   61 G     0  -1   5   0  -3   2  -1   2   0  -4  -4  -1  -2  -3  -2   0  -1  -4  -3  -3    9   0  58   0   0  12   0  22   0   0   0   0   0   0   0   0   0   0   0   0  0.56 0.06
   62 V    -1  -3  -3  -4  -1  -3  -3  -4  -3   3   2  -3   1  -1  -3  -2  -1  -3  -2   3    0   0   0   0   0   0   0   0   0  22  28   0   0   0   0   0   0   0   0  50  0.40 0.04
   63 N    -2  -1   7   1  -3  -1  -1  -1   0  -4  -4  -1  -3  -4  -3   0  -1  -4  -3  -4    0   0 100   0   0   0   0   0   0   0   0   0   0   0   0   0   0   0   0   0  1.09 0.11
   64 V    -1  -3  -3  -4  -2  -3  -3  -4  -3   1   3  -3   1   4  -3  -2  -1  -1   0   3    0   0   0   0   0   0   0   0   0   0  36   0   0  28   0   0   0   0   0  36  0.37 0.04
   65 F    -3  -3  -4  -4  -3  -4  -4  -4  -2  -1   0  -4  -1   7  -4  -3  -3   0   3  -1    0   0   0   0   0   0   0   0   0   0   0   0   0 100   0   0   0   0   0   0  1.15 0.10
   66 V     1  -3  -3  -4   7  -3  -3  -3  -3   1  -1  -3  -1  -2  -3  -1  -1  -3  -2   3   14   0   0   0  44   0   0   0   0   0   0   0   0   0   0   0   0   0   0  42  0.61 0.07
   67 P    -2  -1  -1  -2  -4  -1  -1  -3   7  -4  -3  -1  -2  -3   6  -1  -2  -3   0  -3    0   0   0   0   0   0   0   0  58   0   0   0   0   0  42   0   0   0   0   0  1.21 0.09
   68 S     0   2   0   2  -2   0   0  -2  -1  -1   0   1  -1  -2  -2   2   0  -3  -2   0    0  20   0  14   0   0   0   0   0   0  12  14   0   0   0  30   0   0   0  10  0.17 0.03
   69 Q    -1  -1   0   1  -2   2   0   1   2  -2  -2   0  -1  -2   5   0  -1  -2  -1  -2    2   1   1  10   1  15   2  14   9   1   3   2   1   1  31   2   2   0   1   2  0.44 0.02
   70 Q     1   0  -1  -1  -1   2   0   1  -1  -1   0   1   0  -2  -1   0  -1  -2  -1  -1   22   1   1   1   1  23   2  12   1   1  14  10   1   1   1   2   2   0   1   2  0.11 0.02
   71 S    -1   1  -1   0  -2   3   3  -2  -1   0   0   0  -1  -2  -2   1   0  -3  -2  -1    0  10   0   0   0  20  26   0   0  14   9   0   0   0   0  22   0   0   0   0  0.22 0.04
   72 Y     2  -2  -2  -3  -2  -1  -2  -2  -1   0  -1  -2   2   0   3  -1  -1   0   4   1   30   0   0   0   0   0   0   0   0   0   0   0  12   0  14   0   0   0  30  14  0.30 0.05
   73 T    -1   1   0   4  -3  -1   0  -2  -2  -1  -2   0  -2  -3   2   0   2  -4  -3  -1    0  14   0  44   0   0   0   0   0   9   0   0   0   0  12   0  22   0   0   0  0.40 0.05
   74 S     1  -1   1  -1  -2  -1  -1  -1  -1  -3  -3   1  -2  -3   5   2   0  -3  -2  -2   20   0   8   0   0   0   0   0   0   0   0  14   0   0  31  28   0   0   0   0  0.54 0.04
   75 S     2  -1  -1  -1  -2   0   2   2  -1  -3  -3   1  -2  -3   3   1   0  -3  -2  -2   30   0   0   0   0   0  17  14   0   0   0  12   0   0  14  14   0   0   0   0  0.32 0.03
   76 Q    -1   4  -1  -1  -2   3   0  -2  -1  -1  -2   2  -1  -2  -2   0   1  -2  -2   0    1  34   1   1   0  22   1   1   0   1   1   9   0   0   1   1  15   0   0  11  0.29 0.03
   77 I     1  -1  -1   2  -2   0   3  -2  -1   1  -1  -1  -1  -2  -1   0  -1  -3  -2   1   15   1   1  14   0   1  30   1   0  14   1   1   0   0   1   1   1   0   0  18  0.16 0.02
   78 E     0   1   0   3  -3   2   3  -2  -1  -2   0   0  -1  -3  -2   0  -1  -3  -2  -2   10  10   0  26   0  10  30   0   0   0  14   0   0   0   0   0   0   0   0   0  0.32 0.03
   79 N     0   0   2  -1  -3   4   0  -2   4  -1  -2   0  -1  -3  -2   0  -1  -3  -1   0   10   0  14   0   0  46   0   0  17   0   0   0   0   0   0   0   0   0   0  14  0.35 0.06
   80 M    -2  -2   1  -2  -2  -1  -2  -3  -2   1   0  -2   4  -1  -3  -1   1   8   0   0    0   0  14   0   0   0   0   0   0  12   0   0  30   0   0   0  14  30   0   0  0.60 0.07
   81 N     0  -1   3   0  -2   0   1  -2  -1  -1   1   1   0  -2  -2   0  -1  -3  -2  -1   14   0  30   0   0   0  14   0   0   0  30  12   0   0   0   0   0   0   0   0  0.16 0.04
   82 A     2  -1   2   1  -2   0   2  -1  -1  -2  -3   1  -2  -3  -1   1   0  -3  -2  -2   40   0  14  10   0   0  14   0   0   0   0  12   0   0   0  10   0   0   0   0  0.27 0.03
   83 W    -3  -3  -4  -5  -3  -3  -4  -3  -2  -3  -2  -4  -2   2  -4  -3  -3  11   3  -3    0   0   0   0   0   0   0   0   0   0   0   0   0  10   0   0   0  80  10   0  2.29 0.13
   84 L     0  -1  -3  -3  -2  -2  -2  -3  -3   1   4   0   1   0  -3  -2  -1  -2  -2   0   14   0   0   0   0   0   0   0   0   0  74  12   0   0   0   0   0   0   0   0  0.32 0.05
   85 K     1   1  -1  -1  -3   1   2  -2  -1  -3  -3   5  -2  -3  -1   0  -1  -3  -2  -2   20   0   0   0   0   0  12   0   0   0   0  68   0   0   0   0   0   0   0   0  0.47 0.06
   86 P    -1  -1   1  -1  -3  -1  -1  -2  -2  -2   0   1  -2  -3   6  -1  -1  -4  -3  -2    0   0  12   0   0   0   0   0   0   0  14  14   0   0  60   0   0   0   0   0  1.05 0.06
   87 Y    -2  -2  -2  -3  -3  -2  -2  -4   3   1   1  -2   0   2  -3  -2  -2   1   6   0    0   0   0   0   0   0   0   0  10  12  20   0   0   0   0   0   0   0  58   0  0.60 0.07
   88 R    -2   4  -1   1  -3  -1  -1  -3  -1  -2  -2   0  -1   3   2  -1  -2  -2   0  -2    0  44   0  14   0   0   0   0   0   0   0   0   0  30  12   0   0   0   0   0  0.40 0.05
   89 R     1   3  -1  -1  -2   1   1  -2  -1  -2   0   3  -1  -2  -2   0  -1  -3  -2  -2   20  22   0   0   0   0  10   0   0   0  12  36   0   0   0   0   0   0   0   0  0.27 0.04
   90 A     3  -1  -1  -1  -1   0   2  -1  -1   0  -1   1  -1  -2  -1   1   0  -3  -2   0   42   0   0   0   0   0  20   0   0  14   0  10   0   0   0  14   0   0   0   0  0.21 0.04
   91 L    -2  -2   1  -3  -2  -2  -3  -3   0   0   2  -2   2   4  -3  -2  -2   0   4  -1    0   0  12   0   0   0   0   0   0   0  22   0  14  28   0   0   0   0  24   0  0.36 0.05
   92 H    -1  -1   3   0  -3   2   1   3   3  -4  -4  -1  -2  -3  -2   0  -1  -3  -2  -3    0   0  31   0   0  12  10  34  14   0   0   0   0   0   0   0   0   0   0   0  0.47 0.05
   93 L     1  -2  -2  -3  -1  -2  -2  -2  -3   2   2  -2   1  -1  -2   0   0  -3  -2   2   20   0   0   0   0   0   0   0   0  23  22   0   0   0   0  10   0   0   0  26  0.20 0.03
   94 E    -1  -1   2   1  -3   1   4  -2  -1  -3  -3   0  -2  -4   4   0   1  -4  -3  -3    0   0  12   0   0   0  54   0   0   0   0   0   0   0  23   0  10   0   0   0  0.65 0.06
   95 E     0  -1  -2  -1  -3   2   3  -2  -1   0  -1  -1  -1   2   3  -1  -1  -2  -1  -1   10   0   0   0   0  12  30   0   0  14   0   0   0  14  20   0   0   0   0   0  0.31 0.04
   96 P    -2  -3  -1   3  -3  -2  -1  -2  -2  -3  -3  -2  -3   1   6  -1  -2  -3  -2  -3    0   0   0  28   0   0   0   0   0   0   0   0   0  12  60   0   0   0   0   0  1.18 0.07
   97 V     1  -1  -2  -2  -1  -1  -1  -2  -2   1   0   1   2  -2  -2   0   1  -3  -2   3   20   0   0   0   0   0   0   0   0   0   0  14  14   0   0   0  12   0   0  40  0.16 0.04
   98 V     0   1   2  -1  -2   0  -1  -2  -1   1  -1   2  -1  -2  -2   1   0  -3  -2   1   10  10  14   0   0   0   0   0   0   9   0  24   0   0   0  12   0   0   0  22  0.12 0.03
   99 K    -1  -1   2   0  -2   0   2  -2  -1   0   1   1   0  -2  -2  -1  -1  -3  -2   0    0   0  17   0   0   0  28   0   0   0  30  14   0   0   0   0   0   0   0  12  0.16 0.03
  100 I    -1   1  -2  -2  -2   1  -1  -3  -2   2   1   1   2  -1  -2   0  -1  -3  -2   1    0  10   0   0   0  12   0   0   0  36  14  10   9   0   0  10   0   0   0   0  0.13 0.03
  101 I    -1  -1   1   2  -2   0   3  -2  -1   0  -2   0  -1  -3  -2   1   1  -3  -2   0    0   0  10  10   0   0  35   0   0   7   0   0   0   0   0   8  16   0   0  14  0.24 0.03
  102 E     1  -1  -1   0  -2   0   3  -2  -1   2  -1   0  -1  -2  -1  -1  -1  -2  -2   0   15   1   1   1   0   1  43   1   0  30   1   1   0   1   1   1   1   0   0   1  0.20 0.04
  103 E    -2  -1  -2  -1  -3   0   2  -3   0  -2   0   0  -1   1   2  -1  -2   5   4  -2    0   0   0   0   0   0  22   0   0   0  14   9   0   0  14   0   0  12  30   0  0.41 0.05
  104 Q    -1   0   0   2  -3   5   1  -2  -1  -2   0   0  -1  -3  -2   0   2  -3  -2  -2    0   0   0  12   0  58   0   0   0   0  10   0   0   0   0   0  20   0   0   0  0.44 0.07
  105 Q    -1   0   0   3  -3   3   1  -2   3  -3  -3   0  -2  -3  -2   2   0  -3  -1  -3    0   0   0  26   0  30   0   0  14   0   0   0   0   0   0  30   0   0   0   0  0.43 0.05
  106 F    -3  -3  -3  -4  -3  -3  -3  -4  -2  -1   0  -3  -1   7   2  -3  -3   0   2  -2    0   0   0   0   0   0   0   0   0   0   0   0   0  86  14   0   0   0   0   0  0.93 0.09
  107 K    -1   0  -1  -2  -3  -1  -1  -2  -1  -2  -2   2  -1   3   3  -1   1  -1   2  -2    0   0   0   0   0   0   0   0   0   0   0  30   0  23  20   0  14   0  12   0  0.36 0.04
  108 C     1  -1  -1   1   4   3   0  -2  -1  -1  -2  -1  -1  -3  -2   1   1  -3  -2   0   20   0   0   9  14  26   0   0   0   0   0   0   0   0   0   8  10   0   0  14  0.20 0.03
  109 H     1   0  -1  -1  -1   0  -1  -1   3   0   1   1   3  -1  -1   0  -1  -1   0   0   19   1   1   1   1   1   2   2  14   1  12  14  20   1   1   2   2   0   1   2  0.08 0.02
  110 I    -1  -2  -2  -2  -1  -2  -2  -2  -2   3   2  -2   1   0  -2  -2  -1  -2  -1   1    2   1   1   1   1   1   2   2   1  44  32   2   1   1   1   2   2   0   1   2  0.20 0.02
  111 D     0   1   0   4  -3   1   1  -2  -1  -3  -3   0  -2  -1   2  -1  -1  -2   2  -2   10  14   0  34   0   8  10   0   0   0   0   0   0   0  10   0   0   0  14   0  0.35 0.04
  112 T    -1  -2  -2  -3  -1  -2  -2  -3  -3   1   3  -2   3   0  -3  -1   2  -2  -1   1    0   0   0   0   0   0   0   0   0   0  49   0  20   0   0   0  22   0   0  10  0.31 0.05
  113 I    -1  -2  -3  -3  -1  -2  -3  -3  -3   3   2  -2   1   2  -3   0  -1  -2  -1   2    0   0   0   0   0   0   0   0   0  26  34   0   0  10   0  14   0   0   0  17  0.23 0.03
  114 I    -2  -1  -2   1  -2  -1  -1  -3  -3   3   3   0   1  -1  -3  -2  -1  -3  -2   1    0   0   0  14   0   0   0   0   0  30  42  14   0   0   0   0   0   0   0   0  0.20 0.04
  115 K    -1   0   2   0  -4   1   3   1  -1  -4  -3   3  -2  -4  -2   0  -1  -3  -2  -3    0   0  14   0   0   0  38  14   0   0   0  34   0   0   0   0   0   0   0   0  0.43 0.05
  116 K    -2   0  -1  -1  -3   0   3  -3   0  -1   0   2  -1   2  -2  -1  -1  -1   3  -2    0   0   0   0   0   0  30   0   0   0  14  22   0  14   0   0   0   0  20   0  0.25 0.04
  117 Q    -1   4  -1  -1  -4   2   0   0  -1  -3  -3   4  -2  -3  -2  -1  -1  -3  -2  -3    0  32   0   0   0  14   0   9   0   0   0  46   0   0   0   0   0   0   0   0  0.52 0.05
  118 V    -1  -3  -3  -3  -2  -2  -2  -3  -3   0  -1  -2  -1  -3   6  -2  -1  -4  -3   3    0   0   0   0   0   0   0   0   0   0   0   0   0   0  58   0   0   0   0  42  1.06 0.07
  119 P     2   0  -1  -2  -2   0   0  -1  -2  -3  -3   3  -2  -3   5   0  -1  -3  -3  -2   30   0   0   0   0   0   0   0   0   0   0  40   0   0  30   0   0   0   0   0  0.59 0.06
  120 V     2  -3  -3  -3  -1  -2  -2  -2  -3   3   0  -2   0  -1  -2  -1  -1  -3  -2   3   31   0   0   0   0   0   0   0   0  38   0   0   0   0   0   0   0   0   0  31  0.29 0.05
  121 C    -1  -3  -3  -4   6  -3  -3  -4  -4   3   0  -3   0  -1  -3  -2  -1  -3  -2   3    0   0   0   0  29   0   0   0   0  27   0   0   0   0   0   0   0   0   0  44  0.50 0.05
  122 C     2  -2   0  -1   5  -1  -1  -1  -2  -2  -2  -1  -2  -3  -1   4   1  -3  -2  -2   16   0   0   0  20   0   0   0   0   0   0   0   0   0   0  64   0   0   0   0  0.47 0.06
  123 F    -2  -3  -3  -3  -3  -3  -3  -3  -2  -1   0  -3  -1   7  -3   0  -2   0   2  -1    0   0   0   0   0   0   0   0   0   0   0   0   0  84   0  16   0   0   0   0  0.75 0.07
  124 T     1  -1   0  -2  -2   0  -1  -2   6  -2  -2  -1  -1  -2  -2   0   3  -3   0  -2   16   0   0   0   0   0   0   0  46   0   0   0   0   0   0   0  37   0   0   0  0.50 0.06
  125 F    -3  -3  -4  -4  -3  -4  -4  -4  -2   0   1  -4   0   7  -4  -3  -2   0   2  -1    0   0   0   0   0   0   0   0   0   0  16   0   0  84   0   0   0   0   0   0  0.84 0.07
  126 G     0  -3  -1   1  -3  -2  -2   6  -2  -4  -4  -2  -3  -4  -3  -1  -2  -3  -4  -4    0   0   0  10   0   0   0  90   0   0   0   0   0   0   0   0   0   0   0   0  1.07 0.06
  127 I     0  -2  -2  -3  -2  -2  -2  -3   2   2   2  -2   1  -1   3  -2  -1  -3  -1   1    9   0   0   0   0   0   0   0  11  28  37   0   0   0  16   0   0   0   0   0  0.27 0.03
  128 P    -1  -3  -3  -2  -3  -2  -2  -3  -3  -3  -4  -2  -3  -4   8  -1  -2  -4  -4  -3    0   0   0   0   0   0   0   0   0   0   0   0   0   0 100   0   0   0   0   0  2.25 0.09
  129 N     0  -1   1  -1  -2   0   1  -2   3  -3  -3  -1  -2  -3   6   2   0  -4  -2  -3    0   0   6   0   0   0   8   0  11   0   0   0   0   0  43  31   0   0   0   0  0.79 0.05
  130 E     0   1  -1   0  -3   3   3  -2  -1  -3  -3   2  -2  -3   3   0  -1  -3  -2  -2    7   9   0   0   0  17  33   0   0   0   0  18   0   0  16   0   0   0   0   0  0.48 0.03
  131 S     1  -1   0   4  -2   1   1  -1  -1  -3  -3   0  -2  -3  -1   2   1  -4  -3  -2   11   0   0  42   0   7   7   0   0   0   0   0   0   0   0  26   8   0   0   0  0.43 0.04
  132 I     0  -2  -2  -2  -1   0  -1  -2  -2   2   1  -1   1  -1  -2   0   1  -3  -2   2   10   0   0   0   0   9   0   0   0  20  16   0   0   0   0   9  11   0   0  26  0.14 0.02
  133 I    -1  -3  -4  -4  -1  -3  -3  -4  -4   4   1  -3   1  -1  -3  -2  -1  -3  -2   3    0   0   0   0   0   0   0   0   0  65   0   0   0   0   0   0   0   0   0  35  0.49 0.05
  134 E     0   1   0   2  -3   1   4  -2  -1  -3  -3   1  -2  -3  -1   0  -1  -3  -2  -3    7   9   0   9   0   0  59   0   0   0   0  10   0   0   0   7   0   0   0   0  0.52 0.04
  135 R     1   3  -1  -1  -2   1   2  -2   0  -3  -2   1  -1  -1  -2   1  -1  -2   1  -2   17  29   0   0   0   7  17   0   0   0   0   8   0   0   0  11   0   0  11   0  0.27 0.03
  136 L     1  -2  -3  -4  -1  -2  -3  -3  -3   1   4  -2   1   0  -3  -2  -1  -2  -2   0   16   0   0   0   0   0   0   0   0   0  84   0   0   0   0   0   0   0   0   0  0.43 0.05
  137 K    -1   1   0  -1  -3   4   1  -2   4  -3  -3   4  -1  -3  -2  -1  -1  -3  -1  -3    0   0   0   0   0  30   0   0  16   0   0  53   0   0   0   0   0   0   0   0  0.54 0.06
  138 E     2   0   2   1  -2   0   2   0  -1  -2  -3   2  -2  -3  -1   0   1  -3  -2  -2   26   0  16   9   0   0  14   7   0   0   0  18   0   0   0   0  10   0   0   0  0.23 0.02
  139 A     3   0  -1  -2  -1  -1  -1  -1   3   0  -1  -1  -1  -2  -2   1   0  -3  -1   0   45   8   0   0   0   0   0   0  16  11   0   0   0   0   0  11   0   0   0   9  0.19 0.03
  140 N    -1  -1   2   3  -3  -1   0   4   2  -4  -4   0  -3  -3  -2   0  -1  -3  -2  -3    0   0  13  27   0   0   0  45   8   0   0   7   0   0   0   0   0   0   0   0  0.53 0.04
  141 I    -1  -3  -4  -4   3  -3  -3  -4  -4   4   1  -3   1  -1  -3  -2  -1  -3  -2   3    0   0   0   0  10   0   0   0   0  67   0   0   0   0   0   0   0   0   0  23  0.46 0.05
  142 K    -1   2  -1  -2   3   0  -1  -3  -2   0   1   2   0  -2  -2  -1   0  -3  -2   0    0  16   0   0  10   0   0   0   0   0  27  32   0   0   0   0   7   0   0   9  0.17 0.03
  143 L    -1  -3  -4  -4  -1  -3  -3  -4  -3   3   3  -3   1   0  -3  -3  -1  -2  -1   2    0   0   0   0   0   0   0   0   0  22  53   0   0   0   0   0   0   0   0  25  0.41 0.04
  144 I     0  -3  -3  -3  -2  -3  -3  -3  -3   3   2  -3   1   3  -3  -2  -1  -1   0   1   16   0   0   0   0   0   0   0   0  37  24   0   0  22   0   0   0   0   0   0  0.26 0.03
  145 G     2  -2  -2  -2  -1  -2  -2   4  -2   0  -1  -2  -1  -2  -2   0  -1  -3  -2   2   32   0   0   0   0   0   0  37   0   0   0   0   0   0   0   0   0   0   0  30  0.34 0.04
  146 T     0  -2  -1  -2   5  -1  -2  -2  -2  -1   1  -2   0  -2  -2   1   4  -3  -2   0    0   0   0   0  17   0   0   0   0   0  16   0   0   0   0   7  59   0   0   0  0.39 0.05
  147 A     4  -2  -2  -2  -1  -1  -1  -1  -2   0  -1  -1  -1  -2  -1   0   0  -3  -2   1   80   0   0   0   0   0   0   0   0   0   0   0   0   0   0   0   0   0   0  20  0.41 0.06
  148 T     0  -2   0  -1  -1  -1  -1   2  -2  -2  -2  -1  -1  -3  -2   2   5  -3  -2  -1    0   0   0   0   0   0   0  16   0   0   0   0   0   0   0  10  74   0   0   0  0.50 0.06
  149 S     0  -1   3   0  -2  -1  -1  -1  -1  -2  -2  -1  -2  -3  -2   3   3  -3  -2  -1    0   0  27   0   0   0   0   0   0   0   0   0   0   0   0  32  42   0   0   0  0.44 0.05
  150 V     1  -2  -3  -3  -1  -2  -2  -3  -3   2   2  -2   1  -1   1  -1  -1  -3  -2   3   16   0   0   0   0   0   0   0   0   0  27   0   0   0   9   0   0   0   0  48  0.26 0.03
  151 D     0   2   0   3  -3   4   3  -2   0  -3  -3   1  -2  -3  -2   0  -1  -3  -2  -3    9  11   0  20   0  34  26   0   0   0   0   0   0   0   0   0   0   0   0   0  0.48 0.04
  152 E    -1  -1   0   1  -4   1   5  -3   4  -4  -3   0  -2  -3  -2  -1  -1  -3  -1  -3    0   0   0   0   0   0  84   0  16   0   0   0   0   0   0   0   0   0   0   0  0.80 0.07
  153 A     4  -2  -2  -2  -1  -1  -2  -1  -2  -1  -1  -1  -1   1  -2   0  -1  -2  -1   1   78   0   0   0   0   0   0   0   0   0   0   0   0  11   0   0   0   0   0  11  0.36 0.05
  154 I     1   3  -2  -2  -2   2  -1  -2  -1   2   0   0   0  -2  -2  -1  -1  -3  -2   0   16  27   0   0   0  20   0   0   0  28  10   0   0   0   0   0   0   0   0   0  0.17 0.03
  155 A     2   2  -1  -2  -2   3   0  -2  -1  -1   1   0   0  -2  -2   0  -1  -2  -2  -1   28  16   0   0   0  27   0   0   0   0  29   0   0   0   0   0   0   0   0   0  0.19 0.03
  156 N     1  -1   3  -1  -2  -1  -1  -1   3   0   0  -1   1  -2  -2   0  -1  -3  -1   1   20   0  28   0   0   0   0   0  16   0  11   0  10   0   0   0   0   0   0  16  0.15 0.03
  157 E     2  -1  -1   0  -3   1   4  -2   0  -3  -3   0  -2  -2  -2   0  -1  -2   2  -2   27   0   0   0   0   0  62   0   0   0   0   0   0   0   0   0   0   0  11   0  0.46 0.05
  158 K     2   1  -1  -1  -2   1   2  -1   3  -3  -2   1  -2  -3  -1   1  -1  -3  -1  -2   32  11   0   0   0   0  21   0  16   0   0  13   0   0   0   8   0   0   0   0  0.27 0.03
  159 A     4   1  -2  -2  -1  -1  -1  -1  -2  -1   0  -1  -1  -2  -1   1   0  -3  -2  -1   69  10   0   0   0   0   0   0   0   0  11   0   0   0   0  11   0   0   0   0  0.31 0.04
  160 G     0  -2  -1  -2  -3  -2  -2   6  -2  -4  -4   0  -3  -4  -2  -1  -2  -3  -3  -4    0   0   0   0   0   0   0  89   0   0   0  11   0   0   0   0   0   0   0   0  1.02 0.06
  161 M     0  -2  -3  -3  -1  -2  -3  -3  -3   2   2  -2   4  -1  -3  -2  -1  -2  -1   3    9   0   0   0   0   0   0   0   0  11  11   0  37   0   0   0   0   0   0  32  0.31 0.04
  162 D    -2  -2   2   6  -4  -1   1  -2   2  -4  -4  -1  -3  -4  -2  -1  -1  -5  -3  -4    0   0  11  80   0   0   0   0   9   0   0   0   0   0   0   0   0   0   0   0  0.92 0.07
  163 A     2  -2  -2  -2  -1  -2  -2   2  -2   1   1  -2   1  -1  -2   0  -1  -3  -2   0   37   0   0   0   0   0   0  22   0  17  16   0   8   0   0   0   0   0   0   0  0.19 0.03
  164 I    -1  -3  -3  -4  -1  -3  -3  -4  -4   4   2  -3   1  -1  -3  -2  -1  -3  -2   4    0   0   0   0   0   0   0   0   0  47   9   0   0   0   0   0   0   0   0  44  0.44 0.04
  165 V    -1  -3  -3  -4  -1  -3  -3  -4  -4   3   1  -3   0  -1  -3  -2   0  -3  -2   5    0   0   0   0   0   0   0   0   0   8   0   0   0   0   0   0   0   0   0  92  0.53 0.06
  166 A     4  -2  -2  -3   3  -2  -2  -1  -2  -1   1  -2   0  -2  -2   0  -1  -3  -2   0   69   0   0   0  11   0   0   0   0   0  21   0   0   0   0   0   0   0   0   0  0.33 0.05
  167 Q    -1   1  -1  -1  -4   7   1  -2   0  -3  -3   1  -1  -4  -2  -1  -1  -3  -2  -3    0   0   0   0   0 100   0   0   0   0   0   0   0   0   0   0   0   0   0   0  0.98 0.10
  168 G     0  -3  -1  -2  -3  -2  -3   6  -3  -4  -4  -2  -3  -4  -3  -1  -2  -3  -4  -4    0   0   0   0   0   0   0 100   0   0   0   0   0   0   0   0   0   0   0   0  1.25 0.07
  169 S     0  -2  -1  -2  -2  -1  -1  -2  -1   1  -1  -1  -1   0  -2   2   2   5   3   0    0   0   0   0   0   0   0   0   0  16   0   0   0   0   0  37  16  11  20   0  0.29 0.04
  170 E    -1  -1  -1   1  -4   2   6  -3  -1  -4  -3   0  -3  -4  -2  -1  -1  -3  -3  -3    0   0   0   0   0   0 100   0   0   0   0   0   0   0   0   0   0   0   0   0  0.97 0.08
  171 A     5  -2  -2  -2  -1  -1  -1   0  -2  -2  -2  -1  -1  -3  -1   1   0  -3  -2  -1  100   0   0   0   0   0   0   0   0   0   0   0   0   0   0   0   0   0   0   0  0.60 0.07
  172 G     0  -3  -1  -2  -3  -2  -3   6  -3  -4  -4  -2  -3  -4  -3  -1  -2  -3  -4  -4    0   0   0   0   0   0   0 100   0   0   0   0   0   0   0   0   0   0   0   0  1.25 0.07
  173 G     0  -3  -1  -2  -3  -2  -3   6  -3  -4  -4  -2  -3  -4  -3  -1  -2  -3  -4  -4    0   0   0   0   0   0   0 100   0   0   0   0   0   0   0   0   0   0   0   0  1.25 0.07
  174 H    -2  -1   0  -2  -4   0  -1  -3   9  -4  -4  -1  -2  -2  -3  -1  -2  -3   1  -4    0   0   0   0   0   0   0   0 100   0   0   0   0   0   0   0   0   0   0   0  1.38 0.11
  175 R    -2   6  -1  -2  -3   0  -1  -3  -1  -3  -2   2  -2  -3  -2  -1   1  -3  -2  -2    0  84   0   0   0   0   0   0   0   0   0   0   0   0   0   0  16   0   0   0  0.77 0.07
  176 G     0  -3  -1  -2  -3  -2  -3   6  -3  -4  -4  -2  -3  -4  -3  -1  -2  -3  -4  -4    0   0   0   0   0   0   0 100   0   0   0   0   0   0   0   0   0   0   0   0  1.25 0.07
  177 S     1  -1   2   0  -2   0   1  -1  -1   0  -2  -1  -1  -2  -2   2   0  -3  -2   1   18   0  22   0   0   0  16   0   0   0   0   0   0   0   0  20   0   0   0  24  0.18 0.03
  178 F    -3  -3  -4  -4  -3  -4  -4  -4  -2  -1   0  -4  -1   7  -4  -3  -3   0   3  -1    0   0   0   0   0   0   0   0   0   0   0   0   0 100   0   0   0   0   0   0  1.15 0.10
  179 L    -1  -1  -1   2  -2  -1   1  -2  -2   0   2   1   0  -1  -2   0  -1  -3  -2  -1    0   0   0  20   0   0  10   0   0   0  48  14   0   0   0   9   0   0   0   0  0.17 0.04
  180 K     1   0  -1  -1  -1   0   1  -1  -1   0  -1   1  -1  -2   3   0   1  -2  -1   1   16   2   1   2   1   1  11   2   1   2   3  15   1   1  14   2  10   0   1  16  0.14 0.01
  181 P    -1  -2   2  -1  -3  -1  -1  -2  -2  -3  -3  -1  -2  -4   6   1   2  -4  -3  -2    0   0  14   0   0   0   0   0   0   0   0   0   0   0  57  12  17   0   0   0  1.07 0.06
  182 K     0   1   1   3  -3   2   2  -2  -1  -3  -3   3  -2  -3  -1   0  -1  -3  -2  -3    9   0   8  24   0  10  10   0   0   0   0  39   0   0   0   0   0   0   0   0  0.40 0.04
  183 N     0   1   3   2  -2  -1   0   1  -1  -1  -2   0  -1  -2  -2   1   0  -3  -2   0   11  10  22  14   0   0   1  13   0   0   1   1   0   0   1   9   1   0   0  15  0.16 0.02
  184 Q    -1   0   0   0  -2   4   2   1   0  -2  -2   0  -1   1  -1   0  -1  -1  -1  -2    2   1   1   1   0  41  16  12   1   1   2   1   1  11   1   2   2   0   1   2  0.26 0.03
  185 L    -2  -2   0   5  -3   0   3  -2  -1  -2   0  -1  -2  -3  -2  -1   0  -4  -3  -2    0   0   0  58   0   0  20   0   0   0  14   0   0   0   0   0   9   0   0   0  0.56 0.06
  186 P     1  -2  -1   1  -2   0   1   1  -2  -3  -3  -1  -2  -3   5   2   0  -3  -3  -2   10   0   0  10   0   0  14  14   0   0   0   0   0   0  30  22   0   0   0   0  0.55 0.04
  187 M     1   1   1  -1  -2   2   1  -2  -1  -1   1   0   2  -2  -2   0  -1  -3  -2  -1   22  10  14   0   0  14  10   0   0   0  17   0  14   0   0   0   0   0   0   0  0.13 0.03
  188 V    -1  -3  -3  -4  -1  -2  -3  -4  -3   3   3  -3   2   0  -3  -2  -1  -3  -1   3    0   0   0   0   0   0   0   0   0  23  35   0   9   0   0   0   0   0   0  33  0.39 0.05
  189 G     1  -1  -1  -2  -2  -1  -2   5  -2  -3  -3   1  -2  -3  -2   1  -1  -3  -3  -3   13   0   0   0   0   0   0  62   0   0   0  13   0   0   0  12   0   0   0   0  0.65 0.06
  190 T    -1  -2  -1  -2  -1  -1  -2  -2  -2  -1   0  -1  -1  -2  -2   1   6  -3  -2   0    0   0   0   0   0   0   0   0   0   0   9   0   0   0   0   0  91   0   0   0  0.67 0.11
  191 I    -2  -2  -3  -4  -2  -2  -3  -4  -2   2   2  -3   5   3  -3  -2  -1  -1   0   1    0   0   0   0   0   0   0   0   0  11  22   0  37  19   0   0   0   0   0  12  0.38 0.06
  192 S     3  -1  -1   1  -1   1   0  -1  -1  -1  -2  -1  -1  -3  -1   2   0  -3  -2   0   37   0   0  13   0  12   0   0   0   0   0   0   0   0   0  25   0   0   0  13  0.24 0.05
  193 L    -2  -3  -4  -4  -2  -3  -3  -4  -3   1   5  -3   2   0  -3  -3  -2  -2  -2   0    0   0   0   0   0   0   0   0   0   0 100   0   0   0   0   0   0   0   0   0  0.70 0.09
  194 V    -1  -3  -3  -3  -1  -3  -3  -4  -4   3   0  -3   0  -1  -3  -2   1  -3  -2   4    0   0   0   0   0   0   0   0   0  17   0   0   0   0   0   0  10   0   0  73  0.46 0.07
  195 P    -1   3  -1  -2  -3   0  -1  -2  -2  -3  -3   2  -2  -4   6   1  -1  -4  -3  -3    0  28   0   0   0   0   0   0   0   0   0  12   0   0  48  13   0   0   0   0  0.93 0.07
  196 Q    -1   2  -1  -1  -2   4   2  -3  -1  -1   1   0   0  -2  -2  -1   1  -3  -2   0    0  12   0   0   0  35  13   0   0   0  19   0   0   0   0   0  13   0   0   9  0.24 0.05
  197 I     0  -2  -3  -3  -1  -2  -3  -3  -3   3   2  -2   2  -1  -3  -1   1  -3  -2   2    9   0   0   0   0   0   0   0   0  31  28   0   7   0   0   0  12   0   0  13  0.25 0.04
  198 V     2  -2  -3  -3  -1  -2  -2  -2  -3   1   0  -2   0  -2  -2  -1   1  -3  -2   4   28   0   0   0   0   0   0   0   0   0   0   0   0   0   0   0   9   0   0  63  0.33 0.07
  199 D     0  -1   1   6  -4  -1   1  -2  -2  -3  -4   1  -3  -4  -2  -1  -1  -5  -3  -3    9   0   0  81   0   0   0   0   0   0   0  10   0   0   0   0   0   0   0   0  0.90 0.09
  200 V     2   1  -1  -1  -2   1   2  -2   2  -1  -2   0  -1  -1  -2   0  -1  -2   2   0   31   9   0   0   0   7  22   0   7   0   0   0   0   0   0   0   0   0  13  11  0.18 0.04
  201 V    -1  -3  -3  -3   5  -3  -3   0  -3   2   2  -3   0  -1  -3  -2  -1  -3  -2   3    0   0   0   0  19   0   0   9   0  20  21   0   0   0   0   0   0   0   0  31  0.31 0.04
  202 S     1   1   1   2  -2   1   0  -1  -1  -3  -3   0  -2  -3  -1   3   0  -3  -2  -2   12  10   7  13   0   9   0   0   0   0   0   0   0   0   0  49   0   0   0   0  0.34 0.05
  203 I    -1  -3  -3  -3  -2  -2  -2  -3  -3   2   2  -2   0  -1   4  -1   1  -3  -2   1    0   0   0   0   0   0   0   0   0  25  28   0   0   0  25   0  13   0   0   9  0.40 0.04
  204 P    -2  -3  -3  -3  -3  -2  -2  -3  -3  -3  -2  -2  -2   3   7  -2  -2  -2  -1  -3    0   0   0   0   0   0   0   0   0   0   0   0   0  25  75   0   0   0   0   0  1.57 0.11
  205 V    -1  -3  -4  -4  -1  -3  -3  -4  -4   3   0  -3   0  -1  -3  -2  -1  -3  -2   5    0   0   0   0   0   0   0   0   0  13   0   0   0   0   0   0   0   0   0  87  0.58 0.09
  206 I    -1  -3  -4  -4  -2  -3  -3  -4  -4   4   2  -3   1  -1  -3  -3  -1  -3  -2   3    0   0   0   0   0   0   0   0   0  64  13   0   0   0   0   0   0   0   0  23  0.50 0.07
  207 A     5  -2  -2  -2  -1  -1  -1   0  -2  -2  -2  -1  -2  -3  -1   1  -1  -3  -2  -1  100   0   0   0   0   0   0   0   0   0   0   0   0   0   0   0   0   0   0   0  0.68 0.10
  208 A     5  -2  -2  -2  -1  -1  -1   0  -2  -2  -2  -1  -2  -3  -1   1  -1  -3  -2  -1  100   0   0   0   0   0   0   0   0   0   0   0   0   0   0   0   0   0   0   0  0.68 0.10
  209 G     0  -3  -1  -2  -3  -2  -3   6  -3  -4  -4  -2  -3  -4  -3  -1  -2  -3  -4  -4    0   0   0   0   0   0   0 100   0   0   0   0   0   0   0   0   0   0   0   0  1.32 0.10
  210 G     0  -3  -1  -2  -3  -2  -3   6  -3  -4  -4  -2  -3  -4  -3  -1  -2  -3  -4  -4    0   0   0   0   0   0   0 100   0   0   0   0   0   0   0   0   0   0   0   0  1.32 0.10
  211 I    -2  -3  -4  -4  -2  -3  -4  -4  -4   5   1  -3   2  -1  -3  -3  -1  -3  -2   2    0   0   0   0   0   0   0   0   0  83   0   0   9   0   0   0   0   0   0   7  0.59 0.09
  212 M     1  -2  -2  -3  -2  -1  -2  -3   3   1   1  -2   6  -1  -3  -2  -1  -2  -1   0   13   0   0   0   0   0   0   0  13   9   0   0  65   0   0   0   0   0   0   0  0.47 0.10
  213 D    -2   1   1   6  -4  -1   1  -2  -2  -4  -4  -1  -3  -4  -2  -1  -2  -5  -4  -4    0  13   0  87   0   0   0   0   0   0   0   0   0   0   0   0   0   0   0   0  1.04 0.10
  214 G     0  -2   0   2  -3  -1  -1   5   2  -4  -4  -2  -3  -3  -2   1  -1  -3  -2  -3    0   0   0  13   0   0   0  66   9   0   0   0   0   0   0  12   0   0   0   0  0.72 0.07
  215 R     1   5  -1  -1  -3   1   1  -2  -1  -3  -3   2  -2  -3  -2  -1  -1  -3  -2  -2   19  56   0   0   0   0  13   0   0   0   0  12   0   0   0   0   0   0   0   0  0.53 0.07
  216 G     0  -2   0   1  -3   1  -1   5  -2  -4  -4  -1  -3  -4  -2   1  -1  -3  -3  -3    0   0   0  12   0  13   0  62   0   0   0   0   0   0   0  13   0   0   0   0  0.67 0.06
  217 V    -2  -3  -4  -4  -2  -3  -4  -4  -4   5   2  -3   1  -1  -3  -3  -1  -3  -2   3    0   0   0   0   0   0   0   0   0  72   7   0   0   0   0   0   0   0   0  20  0.54 0.08
  218 L     1   1  -1  -2  -2   0  -1  -2  -2  -1   1   3   0  -2  -2   1   0  -3  -2   0   23   9   0   0   0   0   0   0   0   0  18  31   0   0   0  12   0   0   0   7  0.15 0.04
  219 A     4  -2  -2  -2  -1  -1   1  -1  -1  -2  -2  -1  -2  -1  -1   0  -1  -2   2  -1   75   0   0   0   0   0  13   0   0   0   0   0   0   0   0   0   0   0  12   0  0.41 0.08
  220 S     3  -2  -1  -2  -1  -1  -1  -1  -2   0   1  -1   2  -2  -2   2   0  -3  -2   1   41   0   0   0   0   0   0   0   0   0  13   0  12   0   0  25   0   0   0   9  0.22 0.05
  221 I    -2  -2  -3  -4  -2   0  -2  -4  -3   2   4  -2   3   0  -3  -2  -1  -2  -1   1    0   0   0   0   0   7   0   0   0  11  66   0  16   0   0   0   0   0   0   0  0.43 0.06
  222 V     2  -1  -1  -1  -2   2   1  -2  -1   0  -1   0  -1  -2  -2   1   1  -3  -2   1   23   0   0   0   0  22   9   0   0   7   0   0   0   0   0  12   9   0   0  18  0.17 0.04
  223 L    -2  -2  -3  -3  -2   1  -2  -4  -2   1   4  -2   1   2  -3  -3  -2  -2   0   0    0   0   0   0   0  12   0   0   0   0  75   0   0  13   0   0   0   0   0   0  0.43 0.07
  224 G    -1  -2   2  -1  -3   1  -1   5  -2  -4  -4  -1  -3  -4  -3  -1  -2  -3  -3  -4    0   0  13   0   0  12   0  75   0   0   0   0   0   0   0   0   0   0   0   0  0.87 0.08
  225 A     5  -2  -2  -2  -1  -2  -2  -1  -2   1  -1  -1  -1  -2  -2   0  -1  -3  -2   0   87   0   0   0   0   0   0   0   0  13   0   0   0   0   0   0   0   0   0   0  0.50 0.09
  226 E     1   0   0   2  -3   3   3  -2  -1  -3  -3   0  -2  -3  -1   1   0  -3  -2  -2   13   0   0  12   0  27  31   0   0   0   0   0   0   0   0  18   0   0   0   0  0.43 0.05
  227 G     3  -2  -1  -2  -2  -2  -2   4  -2  -3  -3  -2  -2  -3  -2   0  -1  -3  -3  -2   52   0   0   0   0   0   0  48   0   0   0   0   0   0   0   0   0   0   0   0  0.63 0.07
  228 V     1  -3  -3  -3  -1  -2  -3  -3  -3   2   0  -2   0  -2  -3  -1   0  -3  -2   5   19   0   0   0   0   0   0   0   0   0   0   0   0   0   0   0   0   0   0  81  0.45 0.08
  229 Q    -2   0  -1  -1  -4   6   1  -3   0  -4  -3   0  -1  -3  -2  -1  -2   6  -1  -3    0   0   0   0   0  87   0   0   0   0   0   0   0   0   0   0   0  13   0   0  1.00 0.13
  230 M    -1  -3  -3  -4   4  -2  -3  -4  -3   2   3  -3   5   0  -3  -2  -1  -2  -2   2    0   0   0   0  13   0   0   0   0   9  32   0  34   0   0   0   0   0   0  12  0.40 0.06
  231 G     0  -3  -1  -2  -3  -2  -3   6  -3  -4  -4  -2  -3  -4  -3  -1  -2  -3  -4  -4    0   0   0   0   0   0   0 100   0   0   0   0   0   0   0   0   0   0   0   0  1.32 0.10
  232 T     0  -2   0  -1  -1  -1  -1  -2  -2  -2  -2  -1  -1  -3  -2   2   5  -3  -2  -1    0   0   0   0   0   0   0   0   0   0   0   0   0   0   0  22  78   0   0   0  0.64 0.10
  233 A     4  -2  -2  -3  -1  -2  -2  -1  -2   0  -1  -2  -1  -2  -2   0   0  -3  -2   2   74   0   0   0   0   0   0   0   0   0   0   0   0   0   0   0   0   0   0  26  0.42 0.08
  234 F    -3  -3  -4  -4  -3  -4  -4  -4  -2  -1  -1  -4  -1   7  -4  -3  -3   8   2  -2    0   0   0   0   0   0   0   0   0   0   0   0   0  74   0   0   0  26   0   0  1.26 0.11
  235 L    -2  -3  -4  -4  -2  -3  -3  -4  -3   2   4  -3   1   0  -3  -3  -1  -2  -1   2    0   0   0   0   0   0   0   0   0   9  72   0   0   0   0   0   0   0   0  19  0.50 0.06
  236 T     0  -2  -1  -2  -2  -2  -2   1  -2   0   1  -2   0  -2   2   0   3  -3  -2   0   10   0   0   0   0   0   0  12   0   9  18   0   0   0  13   0  38   0   0   0  0.24 0.04
  237 S     0  -2  -1  -2   8  -2  -2  -2  -2  -2  -2  -2  -2  -3  -2   2   2  -3  -3  -1    0   0   0   0  49   0   0   0   0   0   0   0   0   0   0  31  20   0   0   0  0.76 0.09
  238 Q     0  -1   0   1  -2   2   2  -2   2  -3  -3   0  -2  -3   3   2   1  -3  -2  -2    0   0   0   7   0  11  20   0   9   0   0   0   0   0  18  25  10   0   0   0  0.40 0.04
  239 D    -1  -1   0   2  -4   3   5  -3  -1  -4  -3   0  -2  -4  -2  -1  -1  -3  -3  -3    0   0   0  11   0  13  76   0   0   0   0   0   0   0   0   0   0   0   0   0  0.83 0.09
  240 S     2  -1   0  -1  -1  -1  -1  -1  -2  -2  -3  -1  -2  -3  -1   4   2  -3  -2  -1   26   0   0   0   0   0   0   0   0   0   0   0   0   0   0  64  10   0   0   0  0.48 0.08
  241 N     0  -1   4   0  -2   0   1   2  -1  -3  -3  -1  -2  -3  -2   2   1  -3  -2  -2    0   0  32   0   0   0  13  14   0   0   0   0   0   0   0  28  13   0   0   0  0.38 0.05
  242 A     4  -2  -2  -2  -1  -2  -2  -1  -2   2  -1  -1  -1  -2  -2   0   1  -3  -2   0   64   0   0   0   0   0   0   0   0  23   0   0   0   0   0   0  13   0   0   0  0.33 0.07
  243 S     0  -1   3   2  -2   0   0  -1   2  -3  -3  -1  -2  -3   2   3   0  -4  -2  -3    0   0  25  10   0   0   0   0   9   0   0   0   0   0  13  43   0   0   0   0  0.45 0.06
  244 E     0  -1  -1  -1  -3   2   2  -2  -1  -3  -3   1  -2  -4   6  -1  -1  -3  -3  -3    9   0   0   0   0  14  21   0   0   0   0  12   0   0  44   0   0   0   0   0  0.84 0.06
  245 L     1  -2   1  -1  -2  -1   1   1  -2   0   1  -1   0  -1  -2  -1  -1  -3  -2   1   18   0  12   0   0   0  13  10   0   0  25   0   0   0   0   0   0   0   0  22  0.08 0.03
  246 L    -2  -2  -2  -3  -2  -2  -2  -3   5   0   0  -2   0   3  -3  -2  -2   0   5   1    0   0   0   0   0   0   0   0  22   0  11   0   0  12   0   0   0   0  35  20  0.44 0.06
  247 R    -1   4  -1  -2  -3   0   0  -2  -1  -2   0   3  -1  -3  -2   1  -1  -3  -2  -2    0  38   0   0   0   0   0   0   0   0  13  37   0   0   0  12   0   0   0   0  0.42 0.06
  248 D    -1   1   0   4  -3   2   2  -2   2  -3  -3   2  -2  -3  -2   1  -1  -3  -2  -3    0  10   0  32   0  17   9   0   7   0   0  13   0   0   0  12   0   0   0   0  0.42 0.04
  249 A     3  -1  -2  -2  -2  -1  -1  -1  -2  -2  -1   2   2  -3   2   0  -1  -3  -2  -1   53   0   0   0   0   0   0   0   0   0   0  22  13   0  12   0   0   0   0   0  0.33 0.06
  250 I    -2  -3  -4  -4  -2  -3  -3  -4  -3   3   2  -3   1   4  -3  -3  -2  -1   1   1    0   0   0   0   0   0   0   0   0  28  28   0   0  38   0   0   0   0   0   7  0.44 0.05
  251 I    -1  -1  -1  -2  -1   1  -1  -2  -1   1   2   0   1  -1  -1   0  -1  -2  -1   0    2   1   1   1   0  10   2   2   1  12  42  10   1   1   1   9   1   0   1   2  0.10 0.02
  252 N     1  -1   2   0  -2   2   1   3   2  -3  -3   0  -2  -3  -1   0  -1  -2  -2  -2   14   1  12   1   0  21  10  28   7   1   1   1   0   0   1   1   1   0   0   1  0.29 0.03
  253 S     2  -1  -1  -1  -2   0   1  -1  -2  -2  -3  -1  -2  -3   3   3   2  -3  -2  -2   22   0   0   0   0   0  10   0   0   0   0   0   0   0  18  38  12   0   0   0  0.42 0.05
  254 K     0   3   1  -1  -3   0   0  -2  -1  -3  -3   3  -2  -3   2   0   1  -3  -2  -2   10  29   9   0   0   0   0   0   0   0   0  25   0   0  13   0  13   0   0   0  0.38 0.05
  255 E     2   0  -1   0  -2   1   4  -1  -1  -3  -3   1  -2  -3  -1   1  -1  -3  -2  -2   28   0   0   0   0   0  47   0   0   0   0  13   0   0   0  13   0   0   0   0  0.41 0.06
  256 T     2   1   0  -1  -1  -1  -1  -1   2  -2  -2   0  -1  -3  -1   2   3  -3  -2  -1   18  10   0   0   0   0   0   0   9   0   0   0   0   0   0  26  37   0   0   0  0.31 0.05
  257 D    -2   2   0   5  -3   1   1  -2  -1  -3  -3   0  -3  -4  -2   0   1  -4  -3  -3    0  19   0  61   0   9   0   0   0   0   0   0   0   0   0   0  12   0   0   0  0.64 0.07
  258 T    -1  -2  -1  -2  -2  -1  -2  -2  -2  -1  -2  -1  -1  -3  -2   1   6  -3  -2  -1    0   0   0   0   0   0   0   0   0   0   0   0   0   0   0   0 100   0   0   0  0.83 0.12
  259 V     0   1  -2  -2  -2  -1  -1  -2  -2   1   0   2   2  -2  -2  -1   1  -3  -2   2    9   9   0   0   0   0   0   0   0   7   0  21  13   0   0   0  10   0   0  31  0.14 0.04
  260 V    -1   1  -3  -3  -2  -1  -2  -3  -2   2   2  -1   4   2  -3  -2  -1  -2  -1   2    0  13   0   0   0   0   0   0   0   6  18   0  25  10   0   0   0   0   0  28  0.24 0.05
  261 T     0  -2  -1  -2  -1  -1  -1  -2  -2  -1  -2  -1  -1  -3  -2   2   5  -3  -2   1    0   0   0   0   0   0   0   0   0   0   0   0   0   0   0  13  75   0   0  12  0.54 0.09
  262 K     1   2   2   1  -2   0   0  -1  -1  -1  -2   1  -1  -3  -2   1   1  -3  -2   0   23  13  19   7   0   0   0   0   0   0   0  11   0   0   0   9   9   0   0   9  0.18 0.03
  263 A     3  -2  -2  -2  -1  -1  -2  -1  -2   1   0  -1   0  -2  -2   1   1  -3  -2   1   43   0   0   0   0   0   0   0   0  12   9   0   0   0   0  13   9   0   0  14  0.20 0.04
  264 F    -2  -3  -4  -4  -2  -3  -4  -4  -3   4   2  -3   2   4  -3  -3  -1  -1   0   1    0   0   0   0   0   0   0   0   0  51  13   0   9  28   0   0   0   0   0   0  0.43 0.06
  265 S     0  -1   0  -1  -1  -1  -1  -1  -2  -3  -3  -1  -2  -3  -1   5   3  -3  -2  -2    0   0   0   0   0   0   0   0   0   0   0   0   0   0   0  80  20   0   0   0  0.60 0.09
  266 G     0  -3  -1  -2  -3  -2  -3   6  -3  -4  -4  -2  -3  -4  -3  -1  -2  -3  -4  -4    0   0   0   0   0   0   0 100   0   0   0   0   0   0   0   0   0   0   0   0  1.32 0.10
  267 K    -1   5  -1  -2  -4   1   0  -2  -1  -3  -3   5  -2  -4  -2  -1  -1  -3  -2  -3    0  41   0   0   0   0   0   0   0   0   0  59   0   0   0   0   0   0   0   0  0.73 0.09
  268 L    -1  -2   1  -1  -2  -1   0  -2  -2  -2   1  -1  -1  -2   5   1  -1  -3  -2  -2    0   0  13   0   0   0   9   0   0   0  21   0   0   0  40  16   0   0   0   0  0.61 0.06
  269 A     5  -2  -2  -2  -1  -1  -2  -1  -2  -1   0  -1  -1  -2  -2   0  -1  -3  -2   0   87   0   0   0   0   0   0   0   0   0  13   0   0   0   0   0   0   0   0   0  0.49 0.09
  270 R    -2   7  -1  -2  -4   0  -1  -3  -1  -4  -3   2  -2  -4  -3  -1  -2  -3  -2  -3    0 100   0   0   0   0   0   0   0   0   0   0   0   0   0   0   0   0   0   0  1.14 0.12
  271 G     0  -2  -1  -2  -2  -1  -2   4  -2  -2  -2  -2   2  -3  -2   1   2  -3  -3  -2    0   0   0   0   0   0   0  52   0   0   0   0  13   0   0  10  25   0   0   0  0.50 0.06
  272 I    -2  -3  -4  -4  -2  -3  -3  -4  -3   4   2  -3   4   0  -3  -3  -1  -3  -2   2    0   0   0   0   0   0   0   0   0  60  22   0  19   0   0   0   0   0   0   0  0.48 0.07
  273 N     1   1   2  -1  -2   0   0  -1  -1  -1  -2   0  -1  -3   2   2   0  -3  -2   1   10  13  18   0   0   0   7   0   0   0   0   0   0   0   9  25   0   0   0  18  0.19 0.04
  274 N    -1  -1   6   0  -2  -1  -1  -1  -1  -3  -3  -1  -2  -3  -2   0   3  -4  -2  -2    0   0  62   0   0   0   0   0   0   0   0   0   0   0   0   0  38   0   0   0  0.68 0.09
  275 R     1   3  -1  -1  -3   0   1  -2  -1  -3  -3   1  -2  -3   4   1  -1  -3  -2  -2   13  28   0   0   0   0  14   0   0   0   0   9   0   0  25  10   0   0   0   0  0.50 0.05
  276 F    -3  -3   0  -3  -3  -3  -3  -3  -2  -1   0  -3   2   6  -4  -3  -2   7   2  -2    0   0   9   0   0   0   0   0   0   0   0   0   9  60   0   0   0  22   0   0  0.89 0.09
  277 I    -1  -2  -2  -3  -2  -2  -3  -3  -2   3   1  -2   2   2  -3  -1   2  -1   2   1    0   0   0   0   0   0   0   0   0  30  13   0   9   9   0   0  23   0   9   7  0.22 0.04
  278 E     0   1  -1   2  -3   0   3  -2   2  -1  -2   0  -2   1  -2  -1  -1  -3  -1  -1   10  13   0  13   0   0  39   0   7   9   0   0   0   9   0   0   0   0   0   0  0.26 0.04
  279 E    -1   0   0   4  -3   1   3  -2  -1  -2  -1   2  -2  -3  -2   0   0  -3  -2  -2    0   0   0  31   0   0  33   0   0   0  10  19   0   0   0   0   7   0   0   0  0.41 0.05
  280 M     0  -2   0  -3  -2  -2  -2   0  -2   0   2  -2   4  -1  -3  -1  -1   5  -1   1    9   0   9   0   0   0   0  10   0   0  22   0  25   0   0   0   0  13   0  12  0.24 0.05
  281 S     1  -1   1   3  -2   0   2  -1   3  -3  -3   1  -2  -3  -2   1  -1  -3  -2  -2   21   0   7  23   0   0  18   0  13   0   0   7   0   0   0  11   0   0   0   0  0.32 0.04
  282 Q    -1   2   2  -1  -3   4   1  -2   0  -3  -3   0  -2  -4   3   0   0  -3  -2  -3    0  13  12   0   0  41   7   0   0   0   0   0   0   0  19   0   9   0   0   0  0.52 0.06
  283 Y    -1   1   1  -2  -3  -1  -2   0   0  -2  -2  -1  -1   3   2   0  -1   0   4  -2    0  10   9   0   0   0   0   9   0   0   0   0   0  21  13  13   0   0  25   0  0.30 0.05
  284 E     1  -1   0   1  -2   2   3  -1  -1  -1  -2   0  -1  -2  -1   2   0  -2  -2   0   10   1   1   8   0  12  28   1   0   1   1   1   0   0   1  24   1   0   0  10  0.24 0.03
  285 G     1  -1  -1   1  -2  -1   1   2  -2  -2  -2  -1  -2  -3   4   0   1  -3  -2  -2   14   1   1   8   0   1  13  19   0   1   1   1   0   0  28   1  10   0   0   1  0.44 0.03
  286 D     0  -1   1   2  -2   2   3  -1  -1  -3  -2   0  -2  -3   2   1   0  -3  -2  -2   10   1   8  12   0  10  30   1   0   1   1   1   0   0   9  14   1   0   0   1  0.32 0.03
  287 I    -1  -2  -2  -2  -1  -2  -2  -3  -3   3   2  -2   1  -1   2  -1   1  -2  -1   1    1   1   1   1   0   1   1   1   0  39  31   1   0   0  11   1  10   0   0   1  0.24 0.04
  288 P     0  -2  -2  -2  -2  -1  -1  -2  -2  -2  -1  -1  -2  -3   7  -1  -1  -3  -2  -2   11   1   1   1   0   1   1   1   0   1  11   1   0   0  68   1   1   0   0   1  1.25 0.07
  289 D    -2  -2   0   5  -3  -1   0  -2  -2  -3  -4  -1  -3  -4   4  -1   1  -4  -3  -3    0   0   0  62   0   0   0   0   0   0   0   0   0   0  28   0  10   0   0   0  0.92 0.08
  290 Y    -2  -2  -2  -3  -3  -2  -2  -3   1  -2  -2  -2  -2   2  -3   0  -2   1   8  -2    0   0   0   0   0   0   0   0   0   0   0   0   0   0   0  13   0   0  87   0  1.09 0.12
  291 P    -1  -3  -2  -2  -3  -2  -2   1  -3  -4  -4  -2  -3  -4   8  -1  -2  -4  -4  -3    0   0   0   0   0   0   0  12   0   0   0   0   0   0  88   0   0   0   0   0  1.94 0.12
  292 I    -2  -3  -2   1  -2  -2  -2  -3  -1   3   1  -2   0   2  -3  -2  -1  -1   3   1    0   0   0  13   0   0   0   0   0  37  13   0   0   9   0   0   0   0  21   7  0.25 0.05
  293 Q     1  -1  -2  -2  -2   4   0  -2  -1  -1  -1   0   2  -3   4  -1  -1  -3  -2   0   19   0   0   0   0  35   0   0   0   0   0   0  12   0  26   0   0   0   0   9  0.46 0.06
  294 N    -2  -2   4  -1  -3  -1  -2  -2   1  -3  -2  -2  -2   1  -3  -1  -1   0   6  -2    0   0  42   0   0   0   0   0   0   0   0   0   0   0   0   0   0   0  58   0  0.74 0.09
  295 E    -1  -1   0   4  -3   2   2  -2  -1  -3  -3   0  -2  -3  -2   1   1  -4  -3  -2    0   0   0  44   0  17  14   0   0   0   0   0   0   0   0  14  12   0   0   0  0.51 0.05
  296 L     2  -2  -2  -2  -1  -1  -2  -2  -2   0   3  -2   1  -1  -2   1   0  -2  -2   0   32   0   0   0   0   0   0   0   0   0  51   0   0   0   0  17   0   0   0   0  0.21 0.03
  297 T    -1  -2  -1  -2  -2  -2  -2  -2  -2  -1  -1  -2  -1   4  -2   0   4  -1   1  -1    0   0   0   0   0   0   0   0   0   0   0   0   0  34   0   0  66   0   0   0  0.44 0.06
  298 S    -1   1   3   0  -3   1   0  -1  -1  -3  -3   4  -2  -3  -1   1   0  -3  -2  -3    0   0  20   0   0   0   0   0   0   0   0  64   0   0   0  16   0   0   0   0  0.45 0.05
  299 S     3  -1   0  -1  -1   2   0  -1  -1  -2  -2   0  -1  -3  -1   3   0  -3  -2  -1   40   0   0   0   0  16   0   0   0   0   0   0   0   0   0  43   0   0   0   0  0.36 0.04
  300 I    -1  -3  -3  -4  -1  -2  -3  -4  -3   3   3  -3   3   0  -3  -2  -1  -2  -1   2    0   0   0   0   0   0   0   0   0  26  43   0  14   0   0   0   0   0   0  16  0.37 0.03
  301 R     1   5  -1  -2  -3   2   0  -2  -1  -3  -2   1  -1  -3  -2  -1  -1  -3  -2  -2   17  67   0   0   0  16   0   0   0   0   0   0   0   0   0   0   0   0   0   0  0.58 0.05
  302 K    -1   1   2   0  -3   2   0  -2  -1  -3  -3   4  -1  -3  -1   0   1  -3  -2  -2    0   0  17   0   0  14   0   0   0   0   0  53   0   0   0   0  16   0   0   0  0.40 0.04
  303 A     2   0   0   2  -2   0   1  -1  -1  -2  -2   2  -2  -3  -1   0   1  -3  -2  -2   32   0   0  17   0   0  10   0   0   0   0  31   0   0   0   0  10   0   0   0  0.26 0.03
  304 A     4  -2  -2  -2  -1  -1  -1   0  -1  -2  -2  -1  -1  -1  -1   1  -1  -1   3  -1   84   0   0   0   0   0   0   0   0   0   0   0   0   0   0   0   0   0  16   0  0.43 0.06
  305 A     2  -1  -1  -2  -1  -1  -1  -1  -2  -1   0   1  -1  -2   3   1   0  -3  -2  -1   36   0   0   0   0   0   0   0   0   0  16  17   0   0  16  14   0   0   0   0  0.26 0.03
  306 N     1  -1   3   0  -2   2   2  -1   0  -2   0   0  -1  -2  -2   1   0  -3  -2  -1   16   0  27   0   0  17  16   0   0   0  14   0   0   0   0  10   0   0   0   0  0.22 0.02
  307 I    -1   2  -1  -2  -2   2   0  -2  -1   1   1   1   0  -2  -2   1   1  -3  -2   0    0  16   0   0   0  14   0   0   0  16  16  10   0   0   0  17  10   0   0   0  0.12 0.02
  308 G     0  -2   3  -1  -3  -2  -2   5  -2  -4  -4  -1  -3  -3  -2   0  -1  -3  -3  -3    0   0  20   0   0   0   0  80   0   0   0   0   0   0   0   0   0   0   0   0  0.88 0.04

                      K         Lambda
PSI Ungapped         0.1308     0.3175
PSI Gapped           0.0400     0.2670
